
dataset: redcaps
attr: [1,1]
sel:[0.25,0.25], 0.2
algo:hashann
res:
Final results (ef_search, recall, QPS):
[10, 0.8861, 443.2676029426016]
[12, 0.9094, 585.409345800132]
[15, 0.9305, 528.0475001834939]
[18, 0.9456, 465.06344872886325]
[20, 0.952, 434.2739711900709]
[30, 0.9703, 269.04472823448634]
[35, 0.9759, 252.05597929420668]
[40, 0.9793, 275.13938335460466]
[45, 0.9833, 264.5857460944417]
[50, 0.9851, 245.3528484489138]

Final results (ef_search, recall, QPS):
[80, 0.9926, 172.38391941467367]
[100, 0.9944, 146.23419162235737]
[120, 0.9958, 126.03819972800079]
[150, 0.9965, 108.49121769823412]
[180, 0.9966, 95.07122265537618]
[200, 0.9971, 89.21633490975722]

dataset: redcaps
attr: [1,1]
sel:[0.25,0.25], 0.5
algo:navix
res:
[35, 0.876, 327.346]
[40, 0.886, 296.757]
[45, 0.892, 272.113]
[50, 0.898, 249.688]
[80, 0.923, 176.284]
[100, 0.934, 147.689]
[120, 0.940, 125.728]
[150, 0.944, 92.799]
[180, 0.950, 65.864]
[200, 0.951, 62.786]
[300, 0.960, 49.310]
[400, 0.966, 40.038]
[600, 0.974, 27.530]
[800, 0.978, 21.004]
[1000, 0.981, 16.974]
[1200, 0.983, 14.227]
[1500, 0.986, 11.504]
[2000, 0.989, 8.776]
[2500, 0.992, 7.108]
[3000, 0.993, 5.948]
[4000, 0.995, 4.495]

acorn:
[100, 0.776, 317.075]
[120, 0.800, 281.020]
[150, 0.827, 259.314]
[180, 0.843, 213.066]
[200, 0.849, 212.361]
[300, 0.888, 152.866]
[400, 0.905, 124.685]
[600, 0.927, 90.097]
[800, 0.933, 70.573]
[1000, 0.936, 57.896]
[1200, 0.939, 48.782]
[1500, 0.946, 39.290]
[2000, 0.949, 29.454]
[2500, 0.953, 23.187]
[3000, 0.956, 19.107]
[4000, 0.960, 13.762]

milvus:
[10, 0.9757, 105.13634009326377]
[12, 0.982, 114.07030883208711]
[15, 0.9887, 106.94959558567324]
[18, 0.991, 101.16836896522197]
[20, 0.9924, 98.38029776389628]
[30, 0.9964, 84.10790450518388]
[35, 0.9978, 79.54228232558252]
[40, 0.9984, 68.64815330375163]
[45, 0.9986, 72.7947968648231]
[50, 0.9989, 68.30830315679071]dataset: youtube_rgb

attr: [0,0]
sel: [0.32,0.32]
algo: bfann
Final results (ef_search, recall, QPS):
[10, 0.9002, 569.9879990481863]
[12, 0.9161, 522.3014915645208]
[15, 0.9339, 449.4380288738182]
[18, 0.9482, 338.6258422545841]
[20, 0.952, 304.2373256329295]
[30, 0.9697, 265.37247173377466]
[35, 0.9753, 257.7007716147138]
[40, 0.9779, 237.49458541399713]
[45, 0.9811, 223.80366296394675]
[50, 0.9836, 209.52455360867148]

dataset: youtube_rgb
attr: [0,0]
sel: [0.32,0.32]
algo: bfann
Final results (ef_search, recall, QPS):
[80, 0.9904, 136.32221140852954]
[100, 0.9919, 97.55637368165397]
[120, 0.9936, 96.31567353245381]
[150, 0.9945, 85.01883180632484]
[180, 0.9949, 75.6394633081957]
[200, 0.9951, 71.30561955850604]

dataset: youtube_rgb
attr: [0,0]
sel: [0.32,0.32]
algo: navix
efs, recall, qps: 
[80, 0.925, 140.052]
[100, 0.932, 98.350]
[120, 0.940, 72.073]
[150, 0.948, 69.138]
[180, 0.953, 66.416]
[200, 0.956, 60.519]

dataset: youtube_rgb
attr: [0,0]
sel: [0.32,0.32]
algo: navix
efs, recall, qps: 
[10, 0.767, 710.841]
[12, 0.784, 536.161]
[15, 0.808, 174.511]
[18, 0.826, 340.524]
[20, 0.842, 370.348]
[30, 0.873, 264.194]
[35, 0.883, 244.246]
[40, 0.891, 221.528]
[45, 0.898, 202.262]
[50, 0.904, 185.558]

dataset: youtube_rgb
attr: [0,0]
sel: [0.32,0.32]
algo: navix
efs, recall, qps: 
[300, 0.966, 42.579]
[400, 0.970, 25.296]
[600, 0.977, 21.255]
[800, 0.981, 16.219]
[1000, 0.984, 13.147]
[1200, 0.987, 11.011]
[1500, 0.990, 8.900]
[2000, 0.993, 6.745]
[2500, 0.994, 5.434]
[3000, 0.996, 4.558]
[4000, 0.998, 3.560]

dataset: youtube_rgb
attr: [0,0]
sel: [0.32,0.32]
algo: acorn
efs, recall, qps: 
[12, 0.101, 1147.112]
[15, 0.137, 992.649]
[18, 0.183, 1167.328]
[20, 0.206, 1102.355]
[30, 0.329, 873.878]
[35, 0.372, 802.236]
[40, 0.404, 746.356]
[45, 0.438, 539.175]
[50, 0.474, 412.597]

dataset: youtube_rgb
attr: [0,0]
sel: [0.32,0.32]
algo: acorn
efs, recall, qps: 
[400, 0.811, 153.722]
[600, 0.836, 109.092]
[800, 0.859, 85.374]
[1000, 0.867, 69.106]
[1200, 0.874, 57.667]
[1500, 0.880, 45.859]
[2000, 0.888, 34.352]
[2500, 0.891, 27.426]
[3000, 0.892, 22.305]
[4000, 0.900, 16.334]

dataset: youtube_rgb
attr: [0,0]
sel: [0.32,0.32]
algo: milvus
Final results (ef_search, recall, QPS):
[10, 0.9822, 93.19989190129421]
[12, 0.987, 101.85137765373241]
[15, 0.9914, 95.74031884785038]
[18, 0.9934, 88.40364971431399]
[20, 0.9937, 84.9475230862694]
[30, 0.9965, 72.06238260107894]
[40, 0.9979, 64.67563418621575]
[50, 0.999, 59.517778881424135]
[80, 0.9997, 50.50962310184619]
[100, 0.9998, 47.34616386096259]
[120, 0.9998, 41.56973587360521]
[150, 0.9998, 43.01004833255084]
[180, 0.9998, 40.76200136483525]
[200, 0.9998, 39.86301612152051]

dataset: youtube_rgb
attr: [0,0]
sel: [0.3,0.3]
algo: bfann
Final results (ef_search, recall, QPS):
[10, 0.901, 644.7187161159081]
[12, 0.9168, 600.0570542223987]
[15, 0.9368, 515.2819662049162]
[18, 0.948, 458.3796023839695]
[20, 0.9527, 380.1536474385764]
[30, 0.9707, 275.65051336351337]
[40, 0.9784, 227.412324778735]
[50, 0.9819, 186.24440946484634]
[80, 0.9877, 129.73572206275364]
[100, 0.9902, 112.51577527716134]
[120, 0.9919, 100.34426065491967]
[150, 0.993, 88.61210750840011]
[180, 0.9937, 78.60871239265553]
[200, 0.9938, 73.02581386846337]

dataset: youtube_rgb
attr: [0,0]
sel: [0.3,0.3]
algo: navix
efs, recall, qps: 
[80, 0.924, 140.904]
[100, 0.935, 117.129]
[120, 0.942, 90.670]
[150, 0.948, 60.820]
[180, 0.953, 55.207]
[200, 0.956, 58.974]
[300, 0.965, 41.001]
[400, 0.970, 31.349]
[600, 0.976, 21.411]
[800, 0.981, 16.305]
[1000, 0.985, 13.150]
[1200, 0.987, 11.036]
[1500, 0.990, 9.015]
[2000, 0.993, 6.840]
[2500, 0.995, 5.524]
[3000, 0.996, 4.632]
[4000, 0.998, 3.516]

dataset: youtube_rgb
attr: [0,0]
sel: [0.3,0.3]
algo: acorn
efs, recall, qps: 
[400, 0.773, 157.691]
[600, 0.795, 110.066]
[800, 0.812, 85.834]
[1000, 0.822, 67.359]
[1200, 0.826, 50.528]
[1500, 0.832, 41.198]
[2000, 0.841, 31.800]
[2500, 0.843, 23.258]
[3000, 0.850, 19.872]
[4000, 0.851, 14.549]

dataset: youtube_rgb
attr: [0,0]
sel: [0.3,0.3]
algo: msvbase
recall: 0.8666, qps: 132.14

dataset: youtube_rgb
attr: [0,0]
sel: [0.282,0.282]
algo: bfann
Final results (ef_search, recall, QPS):
[10, 0.8989, 638.8688971232116]
[12, 0.9142, 591.2049346388139]
[15, 0.9363, 509.985457835017]
[18, 0.9479, 444.5255568831712]
[20, 0.951, 420.99629572193777]
[30, 0.9702, 305.77062683100974]
[40, 0.9783, 245.60339425757175]
[50, 0.9827, 209.2865915248866]
[80, 0.9901, 143.65650759282983]
[100, 0.9916, 122.0559909462786]
[120, 0.9928, 106.9960033996447]
[150, 0.9935, 90.57283902747369]
[180, 0.9942, 78.79131536173703]
[200, 0.9948, 72.77749366613615]

dataset: youtube_rgb
attr: [0,0]
sel: [0.282,0.282]
algo: navix
efs, recall, qps: 
[80, 0.927, 131.077]
[100, 0.937, 69.422]
[120, 0.941, 89.468]
[150, 0.948, 76.679]
[180, 0.952, 65.931]
[200, 0.955, 60.129]
[300, 0.967, 41.361]
[400, 0.972, 31.750]
[600, 0.979, 21.324]
[800, 0.983, 16.067]
[1000, 0.986, 12.990]
[1200, 0.988, 10.886]
[1500, 0.991, 8.780]
[2000, 0.994, 6.669]
[2500, 0.997, 5.397]
[3000, 0.997, 4.524]
[4000, 0.999, 3.442]

dataset: youtube_rgb
attr: [0,0]
sel: [0.282,0.282]
algo: acorn
efs, recall, qps: 
[400, 0.743, 168.788]
[600, 0.764, 115.288]
[800, 0.781, 90.123]
[1000, 0.793, 72.956]
[1200, 0.807, 60.316]
[1500, 0.812, 49.119]
[2000, 0.823, 36.670]
[2500, 0.824, 28.838]
[3000, 0.828, 23.852]
[4000, 0.835, 17.410]

dataset: youtube_rgb
attr: [0,0]
sel: [0.282,0.282]
algo: msvbase
recall: 0.8664, qps: 149.70

dataset: youtube_rgb
attr: [0,0]
sel: [0.265,0.265]
algo: bfann
Final results (ef_search, recall, QPS):
[10, 0.9085, 593.5029019254476]
[12, 0.9225, 545.5668814696824]
[15, 0.9412, 332.55402084884884]
[18, 0.9532, 385.42436934982777]
[20, 0.9597, 372.440114877993]
[30, 0.9738, 264.51791603747836]
[40, 0.981, 200.9457275059144]
[50, 0.9845, 175.93309825554044]
[80, 0.9887, 132.11412863235154]
[100, 0.9899, 112.36679177751166]
[120, 0.991, 99.5545600504639]
[150, 0.992, 84.1351891507413]
[180, 0.9927, 73.77722237597715]
[200, 0.9929, 68.55947611018458]

dataset: youtube_rgb
attr: [0,0]
sel: [0.265,0.265]
algo: navix
efs, recall, qps: 
[80, 0.927, 134.927]
[100, 0.935, 74.326]
[120, 0.942, 71.103]
[150, 0.946, 68.843]
[180, 0.950, 58.456]
[200, 0.955, 53.039]
[300, 0.966, 36.600]
[400, 0.970, 27.966]
[600, 0.977, 19.069]
[800, 0.982, 14.484]
[1000, 0.985, 11.690]
[1200, 0.988, 9.820]
[1500, 0.991, 8.600]
[2000, 0.994, 6.743]
[2500, 0.996, 5.521]
[3000, 0.998, 4.635]
[4000, 0.999, 3.527]

dataset: youtube_rgb
attr: [0,0]
sel: [0.265,0.265]
algo: acorn
efs, recall, qps: 
[400, 0.730, 174.517]
[600, 0.766, 122.551]
[800, 0.781, 94.493]
[1000, 0.785, 76.532]
[1200, 0.795, 64.104]
[1500, 0.800, 51.798]
[2000, 0.807, 38.668]
[2500, 0.814, 30.550]
[3000, 0.816, 25.377]
[4000, 0.818, 18.321]

dataset: youtube_rgb
attr: [0,0]
sel: [0.265,0.265]
algo: msvbase
recall: 0.8777, qps: 144.29

dataset: youtube_rgb
attr: [0,0]
sel: [0.245,0.245]
algo: bfann
Final results (ef_search, recall, QPS):
[10, 0.9075, 534.811690182097]
[12, 0.9228, 458.3211995562234]
[15, 0.9389, 345.50893591537374]
[18, 0.9494, 326.457798113796]
[20, 0.9548, 351.29783583887803]
[30, 0.9691, 252.28811259342524]
[40, 0.9774, 204.8430090302163]
[50, 0.983, 174.15132296002574]
[80, 0.9873, 122.83847123988424]
[100, 0.9892, 105.16517395513723]
[120, 0.9898, 92.76647145170575]
[150, 0.991, 78.27558361378185]
[180, 0.9915, 67.89366479529633]
[200, 0.9917, 63.552915672651054]

dataset: youtube_rgb
attr: [0,0]
sel: [0.245,0.245]
algo: navix
efs, recall, qps: 
[80, 0.924, 134.817]
[100, 0.933, 112.131]
[120, 0.938, 95.692]
[150, 0.946, 78.195]
[180, 0.952, 66.342]
[200, 0.956, 60.536]
[300, 0.964, 32.266]
[400, 0.969, 28.418]
[600, 0.978, 20.349]
[800, 0.983, 15.453]
[1000, 0.986, 12.491]
[1200, 0.988, 10.496]
[1500, 0.991, 8.481]
[2000, 0.994, 6.443]
[2500, 0.996, 5.402]
[3000, 0.997, 4.540]
[4000, 0.998, 3.458]

dataset: youtube_rgb
attr: [0,0]
sel: [0.245,0.245]
algo: acorn
efs, recall, qps: 
[400, 0.649, 166.219]
[600, 0.687, 121.984]
[800, 0.704, 95.441]
[1000, 0.717, 77.874]
[1200, 0.730, 64.112]
[1500, 0.739, 53.161]
[2000, 0.746, 39.979]
[2500, 0.752, 31.920]
[3000, 0.761, 26.240]
[4000, 0.769, 19.183]

dataset: youtube_rgb
attr: [0,0]
sel: [0.245,0.245]
algo: msvbase
recall: 0.8783, qps: 154.36

dataset: youtube_rgb
attr: [0,0]
sel: [0.223,0.223]
algo: bfann
Final results (ef_search, recall, QPS):
[10, 0.9119, 472.46529028601117]
[12, 0.9248, 405.20369815768373]
[15, 0.9401, 336.58325827498254]
[18, 0.9492, 302.4694109052728]
[20, 0.9536, 292.0915842006481]
[30, 0.9702, 169.8310833627972]
[40, 0.9766, 156.73795235324755]
[50, 0.9811, 156.88837419466813]
[80, 0.9853, 107.43812407061488]
[100, 0.9865, 94.17275244467118]
[120, 0.9885, 82.60320432694405]
[150, 0.9895, 69.70521832048094]
[180, 0.9897, 61.06712052429123]
[200, 0.9902, 56.64355028248416]

dataset: youtube_rgb
attr: [0,0]
sel: [0.223,0.223]
algo: navix
efs, recall, qps: 
[80, 0.920, 132.227]
[100, 0.929, 106.554]
[120, 0.937, 59.983]
[150, 0.946, 74.372]
[180, 0.951, 64.032]
[200, 0.954, 58.256]
[300, 0.964, 40.268]
[400, 0.970, 30.822]
[600, 0.977, 21.054]
[800, 0.982, 15.979]
[1000, 0.985, 12.939]
[1200, 0.988, 10.866]
[1500, 0.991, 8.766]
[2000, 0.995, 6.668]
[2500, 0.996, 5.407]
[3000, 0.998, 4.571]
[4000, 0.998, 3.492]

dataset: youtube_rgb
attr: [0,0]
sel: [0.223,0.223]
algo: acorn
efs, recall, qps: 
[400, 0.558, 197.742]
[600, 0.590, 139.853]
[800, 0.608, 97.622]
[1000, 0.619, 84.130]
[1200, 0.628, 64.126]
[1500, 0.637, 46.040]
[2000, 0.655, 38.517]
[2500, 0.666, 31.821]
[3000, 0.671, 26.235]
[4000, 0.674, 19.445]

dataset: youtube_rgb
attr: [0,0]
sel: [0.223,0.223]
algo: msvbase
recall: 0.8798, qps: 131.05

dataset: youtube_rgb
attr: [0,0]
sel: [0.2,0.2]
algo: bfann
Final results (ef_search, recall, QPS):
[10, 0.9091, 508.17873412813805]
[12, 0.9234, 460.79712564292964]
[15, 0.9369, 395.68864598348057]
[18, 0.9462, 349.4143942631548]
[20, 0.9526, 322.3024094777397]
[30, 0.9687, 234.43235236038214]
[40, 0.976, 187.35446351493846]
[50, 0.9785, 156.11093539254813]
[80, 0.9834, 110.29506103011224]
[100, 0.9852, 92.66060161489051]
[120, 0.9862, 81.59617474353831]
[150, 0.9873, 68.06415254871959]
[180, 0.9883, 59.61908694797956]
[200, 0.9883, 54.6694520953827]

dataset: youtube_rgb
attr: [0,0]
sel: [0.2,0.2]
algo: navix
efs, recall, qps: 
[80, 0.917, 124.255]
[100, 0.926, 87.663]
[120, 0.934, 74.362]
[150, 0.940, 64.720]
[180, 0.947, 64.947]
[200, 0.951, 59.345]
[300, 0.962, 40.877]
[400, 0.970, 31.294]
[600, 0.979, 21.360]
[800, 0.983, 16.202]
[1000, 0.986, 13.083]
[1200, 0.989, 10.984]
[1500, 0.992, 8.887]
[2000, 0.994, 6.765]
[2500, 0.996, 5.466]
[3000, 0.998, 4.588]
[4000, 0.999, 3.463]

dataset: youtube_rgb
attr: [0,0]
sel: [0.2,0.2]
algo: acorn
efs, recall, qps: 
[400, 0.506, 211.737]
[600, 0.548, 147.670]
[800, 0.563, 117.525]
[1000, 0.572, 96.596]
[1200, 0.578, 81.577]
[1500, 0.593, 65.073]
[2000, 0.614, 50.058]
[2500, 0.626, 39.843]
[3000, 0.634, 32.939]
[4000, 0.644, 23.776]

dataset: youtube_rgb
attr: [0,0]
sel: [0.2,0.2]
algo: msvbase
recall: 0.8850, qps: 145.07

dataset: youtube_rgb
attr: [0,0]
sel: [0.173,0.173]
algo: bfann
dataset: youtube_rgb
attr: [0,0]
sel: [0.173,0.173]
algo: navix
efs, recall, qps: 
[80, 0.909, 81.523]
[100, 0.920, 98.733]
[120, 0.929, 90.236]
[150, 0.938, 74.373]
[180, 0.945, 63.211]
[200, 0.948, 57.622]
[300, 0.960, 39.782]
[400, 0.968, 30.265]
[600, 0.976, 20.627]
[800, 0.982, 15.663]
[1000, 0.986, 12.799]
[1200, 0.988, 10.930]
[1500, 0.991, 8.851]
[2000, 0.994, 6.768]
[2500, 0.996, 5.498]
[3000, 0.997, 4.635]
[4000, 0.998, 3.547]

dataset: youtube_rgb
attr: [0,0]
sel: [0.173,0.173]
algo: acorn
efs, recall, qps: 
[400, 0.310, 289.043]
[600, 0.328, 211.370]
[800, 0.347, 165.329]
[1000, 0.366, 136.627]
[1200, 0.372, 109.705]
[1500, 0.384, 79.043]
[2000, 0.395, 62.649]
[2500, 0.400, 53.077]
[3000, 0.407, 43.062]
[4000, 0.417, 29.365]

dataset: youtube_rgb
attr: [0,0]
sel: [0.173,0.173]
algo: msvbase
recall: 0.8874, qps: 122.72

dataset: youtube_rgb
attr: [0,0]
sel: [0.141,0.141]
algo: bfann
dataset: youtube_rgb
attr: [0,0]
sel: [0.141,0.141]
algo: navix
efs, recall, qps: 
[80, 0.898, 141.908]
[100, 0.912, 117.474]
[120, 0.919, 100.258]
[150, 0.932, 82.506]
[180, 0.940, 69.886]
[200, 0.945, 63.472]
[300, 0.959, 41.535]
[400, 0.969, 31.861]
[600, 0.978, 21.702]
[800, 0.983, 16.626]
[1000, 0.987, 13.511]
[1200, 0.990, 11.362]
[1500, 0.992, 9.223]
[2000, 0.995, 7.057]
[2500, 0.997, 5.754]
[3000, 0.998, 4.864]
[4000, 0.999, 3.733]

dataset: youtube_rgb
attr: [0,0]
sel: [0.141,0.141]
algo: acorn
efs, recall, qps: 
[400, 0.161, 397.416]
[600, 0.191, 294.768]
[800, 0.203, 241.146]
[1000, 0.209, 207.150]
[1200, 0.215, 176.322]
[1500, 0.223, 143.495]
[2000, 0.233, 108.614]
[2500, 0.245, 86.134]
[3000, 0.260, 71.889]
[4000, 0.267, 44.935]

dataset: youtube_rgb
attr: [0,0]
sel: [0.141,0.141]
algo: msvbase
recall: 0.8907, qps: 113.69

dataset: youtube_rgb
attr: [0,0]
sel: [0.1,0.1]
algo: bfann
Final results (ef_search, recall, QPS):
[10, 0.8907, 370.12125490072884]
[12, 0.9044, 267.5871746864803]
[15, 0.9176, 249.34044601596935]
[18, 0.927, 219.0753132500298]
[20, 0.9308, 201.023843658687]
[30, 0.9455, 141.13333835597905]
[40, 0.9511, 118.3958819962583]
[50, 0.9551, 98.46753226203697]
[80, 0.9604, 68.03518094992094]
[100, 0.9634, 57.41709218263401]
[120, 0.9643, 49.37655260285395]
[150, 0.9655, 41.06407698331749]
[180, 0.9678, 35.33129095535061]
[200, 0.9681, 32.68415722103372]

dataset: youtube_rgb
attr: [0,0]
sel: [0.1,0.1]
algo: navix
efs, recall, qps: 
[80, 0.860, 149.448]
[100, 0.876, 109.207]
[120, 0.890, 66.604]
[150, 0.903, 80.625]
[180, 0.914, 70.986]
[200, 0.922, 64.814]
[300, 0.941, 44.173]
[400, 0.952, 33.760]
[600, 0.966, 23.051]
[800, 0.975, 17.676]
[1000, 0.980, 14.364]
[1200, 0.983, 12.152]
[1500, 0.987, 9.907]
[2000, 0.991, 7.598]
[2500, 0.994, 6.197]
[3000, 0.995, 5.252]
[4000, 0.996, 4.024]

dataset: youtube_rgb
attr: [0,0]
sel: [0.1,0.1]
algo: acorn
efs, recall, qps: 
[400, 0.023, 1151.176]
[600, 0.028, 869.850]
[800, 0.035, 712.732]
[1000, 0.039, 613.781]
[1200, 0.039, 539.235]
[1500, 0.041, 483.216]
[2000, 0.044, 446.342]
[2500, 0.045, 398.562]
[3000, 0.045, 416.616]
[4000, 0.045, 424.869]

dataset: youtube_rgb
attr: [0,0]
sel: [0.1,0.1]
algo: msvbase
recall: 0.8849, qps: 84.29

