========================================
EMA Batch Experiment: Thu Apr 30 04:38:07 PM CST 2026
Augmented edges: true (threshold=8)
========================================
dataset: Redcaps_4M
attr: [0,1]
sel: [0.333,7]
M: 40
K: 10
algo: hashann_ema
[1, 0.089300, 8533.70, 408.92]
[2, 0.192100, 7232.78, 529.40]
[3, 0.292200, 5903.93, 642.52]
[5, 0.491200, 4197.96, 875.30]
[8, 0.775100, 2895.48, 1228.54]
[10, 0.922000, 2489.34, 1470.55]
[12, 0.934600, 2272.34, 1714.16]
[15, 0.952400, 1890.97, 2090.05]
[20, 0.966700, 1395.25, 2730.73]
[25, 0.976800, 1225.35, 3397.14]
[30, 0.982800, 1003.99, 4064.47]

dataset: Redcaps_4M
attr: [0,1]
sel: [0.4,5]
M: 40
K: 10
algo: hashann_ema
[1, 0.081600, 12870.94, 365.12]
[2, 0.184800, 9808.14, 450.16]
[3, 0.281200, 8018.80, 516.08]
[5, 0.475000, 6018.41, 643.57]
[8, 0.750700, 4394.48, 834.88]
[10, 0.893700, 4012.72, 971.75]
[12, 0.912900, 3564.31, 1098.19]
[15, 0.938300, 2986.09, 1302.77]
[20, 0.955500, 2373.11, 1644.45]
[25, 0.967700, 1957.98, 1983.23]
[30, 0.975000, 1758.02, 2334.52]

dataset: Redcaps_4M
attr: [0,1]
sel: [0.667,4]
M: 40
K: 10
algo: hashann_ema
[1, 0.080300, 13446.77, 362.65]
[2, 0.180600, 11089.21, 424.61]
[3, 0.277400, 9645.12, 470.97]
[5, 0.468200, 7182.46, 553.79]
[8, 0.736400, 6023.24, 675.99]
[10, 0.875900, 5286.13, 762.48]
[12, 0.896900, 4790.54, 844.30]
[15, 0.922300, 4166.47, 970.05]
[20, 0.941700, 3353.62, 1174.47]
[25, 0.956800, 2815.44, 1383.74]
[30, 0.966900, 2533.75, 1597.52]

dataset: Redcaps_4M
attr: [0,1]
sel: [0.75,2]
M: 40
K: 10
algo: hashann_ema
[1, 0.078200, 13014.11, 378.62]
[2, 0.178700, 11120.28, 436.18]
[3, 0.279200, 9761.60, 481.72]
[5, 0.477800, 8102.85, 555.62]
[8, 0.756800, 6577.65, 659.75]
[10, 0.899200, 5898.37, 729.72]
[12, 0.915000, 5020.43, 799.49]
[15, 0.934300, 4579.40, 907.66]
[20, 0.949900, 3858.45, 1085.80]
[25, 0.961100, 3335.85, 1262.85]
[30, 0.968200, 2961.27, 1443.23]

dataset: Redcaps_4M
attr: [0,1]
sel: [0.9,1]
M: 40
K: 10
algo: hashann_ema
[1, 0.080400, 12482.42, 398.96]
[2, 0.182600, 10518.18, 454.47]
[3, 0.281100, 9118.92, 493.41]
[5, 0.481800, 7957.73, 566.06]
[8, 0.767200, 6624.74, 670.36]
[10, 0.915900, 5960.70, 740.75]
[12, 0.927700, 5431.80, 808.20]
[15, 0.942700, 4773.13, 911.78]
[20, 0.958500, 3899.07, 1084.63]
[25, 0.965700, 3323.82, 1260.41]
[30, 0.971700, 2988.08, 1433.81]

dataset: Redcaps_4M
attr: [0,1]
sel: [1.0,0]
M: 40
K: 10
algo: hashann_ema
[1, 0.084500, 11847.41, 423.37]
[2, 0.183800, 10595.18, 472.65]
[3, 0.284200, 9593.54, 510.81]
[5, 0.482500, 8119.40, 582.57]
[8, 0.777200, 6627.85, 690.76]
[10, 0.940400, 5978.11, 761.83]
[12, 0.949700, 5302.21, 831.88]
[15, 0.958100, 4594.03, 935.79]
[20, 0.967900, 3987.57, 1109.82]
[25, 0.973300, 3430.69, 1286.54]
[30, 0.976900, 3076.06, 1464.24]

========================================
EMA Batch Experiment DONE: Thu Apr 30 04:45:08 PM CST 2026
========================================
========================================
EMA Batch Experiment: Thu Apr 30 04:53:38 PM CST 2026
Augmented edges: true (threshold=8)
========================================
========================================
EMA Batch Experiment: Thu Apr 30 04:55:10 PM CST 2026
Augmented edges: true (threshold=8)
========================================
